2022090501
2022061215
2022062601
2022062611
2022061217
2022061208
2022061211
2022092201
2022061303
2022061407
2022062602
2022070602
2022061103
2022061202
2022070507
2022091402
2022061403
2022091504
2022090205
2022092803
2022092001
2022062705
2022061002
2022091502
2022062620
2022070502
2022091403
2022062613
2022062402
2022091508
2022062706
2022062608
2022062503
2022061006
2022092005
2022092501
2022090203
2022090105
2022092801
2022061007
2022062609
2022091411
2022061401
2022062702
2022061404
2022092807
2022061408
2022062621
2022062401
2022061406
2022061405
2022070601
2022090209
2022061003
2022090905
2022062619
2022062408
2022090207
2022090907
2022062504
2022070501
2022061402
2022061001
2022083102
2022061101
2022090604
2022070503
2022062704
2022061105
2022062405
2022062610
2022062701
2022090601
2022062703
2022061205
2022090901
2022092805
2022091404
2022061210
2022090902
2022070505
2022062505
2022091501
2022061008
2022062603
2022061304
2022092802
2022091410
2022062618